   0.10000E+00 0.00000E+00 0.00000E+00
   0.20000E+00 0.00000E+00 0.00000E+00
   0.30000E+00 0.00000E+00 0.00000E+00
   0.40000E+00 0.00000E+00 0.00000E+00
   0.50000E+00 0.00000E+00 0.00000E+00
   0.60000E+00 0.00000E+00 0.00000E+00
   0.70000E+00 0.00000E+00 0.00000E+00
   0.80000E+00 0.00000E+00 0.00000E+00
   0.90000E+00 0.00000E+00 0.00000E+00
   0.10000E+01 0.00000E+00 0.00000E+00
   0.11000E+01 0.00000E+00 0.00000E+00
   0.12000E+01 0.00000E+00 0.00000E+00
   0.13000E+01 0.00000E+00 0.00000E+00
   0.14000E+01 0.00000E+00 0.00000E+00
   0.15000E+01 0.00000E+00 0.00000E+00
   0.16000E+01 0.00000E+00 0.00000E+00
   0.17000E+01 0.00000E+00 0.00000E+00
   0.18000E+01 0.00000E+00 0.00000E+00
   0.19000E+01 0.00000E+00 0.00000E+00
   0.20000E+01 0.00000E+00 0.00000E+00
   0.21000E+01 0.00000E+00 0.00000E+00
   0.22000E+01 0.00000E+00 0.00000E+00
   0.23000E+01 0.00000E+00 0.00000E+00
   0.24000E+01 0.00000E+00 0.00000E+00
   0.25000E+01 0.00000E+00 0.00000E+00
   0.26000E+01 0.75166E-03 0.12012E-03
   0.27000E+01 0.12629E-01 0.22934E-02
   0.28000E+01 0.54457E-01 0.12359E-01
   0.29000E+01 0.12618E+00 0.37346E-01
   0.30000E+01 0.22602E+00 0.85192E-01
   0.31000E+01 0.35414E+00 0.16515E+00
   0.32000E+01 0.48991E+00 0.28291E+00
   0.33000E+01 0.62034E+00 0.44132E+00
   0.34000E+01 0.73445E+00 0.64024E+00
   0.35000E+01 0.81675E+00 0.87446E+00
   0.36000E+01 0.86768E+00 0.11375E+01
   0.37000E+01 0.88462E+00 0.14206E+01
   0.38000E+01 0.88668E+00 0.17196E+01
   0.39000E+01 0.86962E+00 0.20284E+01
   0.40000E+01 0.84717E+00 0.23446E+01
   0.41000E+01 0.83106E+00 0.26703E+01
   0.42000E+01 0.81874E+00 0.30068E+01
   0.43000E+01 0.80960E+00 0.33554E+01
   0.44000E+01 0.81123E+00 0.37209E+01
   0.45000E+01 0.81677E+00 0.41057E+01
   0.46000E+01 0.82570E+00 0.45119E+01
   0.47000E+01 0.83636E+00 0.49413E+01
   0.48000E+01 0.83827E+00 0.53900E+01
   0.49000E+01 0.84498E+00 0.58611E+01
   0.50000E+01 0.84252E+00 0.63500E+01
   0.51000E+01 0.83820E+00 0.68558E+01
   0.52000E+01 0.83145E+00 0.73773E+01
   0.53000E+01 0.82401E+00 0.79139E+01
   0.54000E+01 0.82903E+00 0.84742E+01
   0.55000E+01 0.83531E+00 0.90597E+01
   0.56000E+01 0.84952E+00 0.96768E+01
   0.57000E+01 0.86591E+00 0.10328E+02
   0.58000E+01 0.88602E+00 0.11018E+02
   0.59000E+01 0.90064E+00 0.11744E+02
   0.60000E+01 0.91498E+00 0.12506E+02
   0.61000E+01 0.92422E+00 0.13301E+02
   0.62000E+01 0.93247E+00 0.14130E+02
   0.63000E+01 0.93739E+00 0.14990E+02
   0.64000E+01 0.94313E+00 0.15883E+02
   0.65000E+01 0.94904E+00 0.16809E+02
   0.66000E+01 0.95047E+00 0.17766E+02
   0.67000E+01 0.95662E+00 0.18757E+02
   0.68000E+01 0.96206E+00 0.19785E+02
   0.69000E+01 0.97117E+00 0.20852E+02
   0.70000E+01 0.97868E+00 0.21959E+02
   0.71000E+01 0.98385E+00 0.23103E+02
   0.72000E+01 0.98730E+00 0.24284E+02
   0.73000E+01 0.99412E+00 0.25506E+02
   0.74000E+01 0.99508E+00 0.26763E+02
   0.75000E+01 0.99642E+00 0.28055E+02
   0.76000E+01 0.99922E+00 0.29386E+02
   0.77000E+01 0.99902E+00 0.30751E+02
   0.78000E+01 0.99940E+00 0.32152E+02
   0.79000E+01 0.10038E+01 0.33596E+02
   0.80000E+01 0.99744E+00 0.35067E+02
   0.81000E+01 0.10022E+01 0.36581E+02
   0.82000E+01 0.99954E+00 0.38129E+02
   0.83000E+01 0.99902E+00 0.39714E+02
   0.84000E+01 0.99509E+00 0.41331E+02
   0.85000E+01 0.99370E+00 0.42984E+02
   0.86000E+01 0.99372E+00 0.44676E+02
   0.87000E+01 0.99173E+00 0.46403E+02
   0.88000E+01 0.99032E+00 0.48168E+02
   0.89000E+01 0.98974E+00 0.49972E+02
   0.90000E+01 0.99034E+00 0.51818E+02
   0.91000E+01 0.98897E+00 0.53702E+02
   0.92000E+01 0.98944E+00 0.55628E+02
   0.93000E+01 0.98974E+00 0.57597E+02
   0.94000E+01 0.99036E+00 0.59609E+02
   0.95000E+01 0.99287E+00 0.61670E+02
   0.96000E+01 0.99243E+00 0.63772E+02
   0.97000E+01 0.99432E+00 0.65923E+02
   0.98000E+01 0.99350E+00 0.68116E+02
   0.99000E+01 0.99487E+00 0.70358E+02
   0.10000E+02 0.99625E+00 0.72647E+02
   0.10100E+02 0.99820E+00 0.74987E+02
   0.10200E+02 0.99869E+00 0.77374E+02
   0.10300E+02 0.99994E+00 0.79812E+02
   0.10400E+02 0.10007E+01 0.82298E+02
   0.10500E+02 0.10026E+01 0.84837E+02
   0.10600E+02 0.10031E+01 0.87426E+02
   0.10700E+02 0.10043E+01 0.90067E+02
   0.10800E+02 0.10047E+01 0.92758E+02
   0.10900E+02 0.10069E+01 0.95505E+02
   0.11000E+02 0.10042E+01 0.98295E+02
   0.11100E+02 0.10071E+01 0.10114E+03
   0.11200E+02 0.10059E+01 0.10404E+03
   0.11300E+02 0.10055E+01 0.10699E+03
   0.11400E+02 0.10064E+01 0.10999E+03
   0.11500E+02 0.10061E+01 0.11304E+03
   0.11600E+02 0.10065E+01 0.11615E+03
   0.11700E+02 0.10085E+01 0.11932E+03
   0.11800E+02 0.10082E+01 0.12254E+03
   0.11900E+02 0.10070E+01 0.12581E+03
   0.12000E+02 0.10074E+01 0.12914E+03
   0.12100E+02 0.10073E+01 0.13253E+03
   0.12200E+02 0.10064E+01 0.13596E+03
   0.12300E+02 0.10049E+01 0.13945E+03
   0.12400E+02 0.10076E+01 0.14300E+03
   0.12500E+02 0.10065E+01 0.14661E+03
   0.12600E+02 0.10066E+01 0.15028E+03
   0.12700E+02 0.10066E+01 0.15400E+03
   0.12800E+02 0.10067E+01 0.15778E+03
   0.12900E+02 0.10062E+01 0.16162E+03
   0.13000E+02 0.10065E+01 0.16552E+03
   0.13100E+02 0.10086E+01 0.16949E+03
   0.13200E+02 0.10061E+01 0.17351E+03
   0.13300E+02 0.10061E+01 0.17759E+03
   0.13400E+02 0.10071E+01 0.18173E+03
   0.13500E+02 0.10071E+01 0.18594E+03
   0.13600E+02 0.10087E+01 0.19022E+03
   0.13700E+02 0.10090E+01 0.19456E+03
   0.13800E+02 0.10077E+01 0.19896E+03
   0.13900E+02 0.10089E+01 0.20342E+03
   0.14000E+02 0.10089E+01 0.20795E+03
   0.14100E+02 0.10089E+01 0.21255E+03
   0.14200E+02 0.10096E+01 0.21722E+03
   0.14300E+02 0.10094E+01 0.22195E+03
   0.14400E+02 0.10100E+01 0.22674E+03
   0.14500E+02 0.10106E+01 0.23161E+03
   0.14600E+02 0.10109E+01 0.23655E+03
   0.14700E+02 0.10110E+01 0.24155E+03
   0.14800E+02 0.10093E+01 0.24662E+03
   0.14900E+02 0.10006E+01 0.25171E+03
   0.15000E+02 0.98311E+00 0.25677E+03
   0.15100E+02 0.96086E+00 0.26179E+03
   0.15200E+02 0.94180E+00 0.26678E+03
   0.15300E+02 0.92353E+00 0.27173E+03
   0.15400E+02 0.90479E+00 0.27664E+03
   0.15500E+02 0.88527E+00 0.28151E+03
   0.15600E+02 0.86713E+00 0.28634E+03
   0.15700E+02 0.85002E+00 0.29114E+03
   0.15800E+02 0.83094E+00 0.29589E+03
   0.15900E+02 0.81307E+00 0.30060E+03
   0.16000E+02 0.79537E+00 0.30526E+03
   0.16100E+02 0.77889E+00 0.30988E+03
   0.16200E+02 0.76169E+00 0.31446E+03
   0.16300E+02 0.74519E+00 0.31899E+03
   0.16400E+02 0.72790E+00 0.32347E+03
   0.16500E+02 0.71133E+00 0.32791E+03
   0.16600E+02 0.69526E+00 0.33229E+03
   0.16700E+02 0.67835E+00 0.33662E+03
   0.16800E+02 0.66270E+00 0.34090E+03
   0.16900E+02 0.64705E+00 0.34513E+03
   0.17000E+02 0.63040E+00 0.34930E+03
   0.17100E+02 0.61587E+00 0.35343E+03
   0.17200E+02 0.60114E+00 0.35750E+03
   0.17300E+02 0.58564E+00 0.36151E+03
   0.17400E+02 0.57031E+00 0.36546E+03
   0.17500E+02 0.55590E+00 0.36935E+03
   0.17600E+02 0.54056E+00 0.37319E+03
   0.17700E+02 0.52643E+00 0.37696E+03
   0.17800E+02 0.51198E+00 0.38067E+03
   0.17900E+02 0.49816E+00 0.38432E+03
   0.18000E+02 0.48394E+00 0.38791E+03
   0.18100E+02 0.46976E+00 0.39143E+03
   0.18200E+02 0.45621E+00 0.39489E+03
   0.18300E+02 0.44268E+00 0.39828E+03
   0.18400E+02 0.42941E+00 0.40161E+03
   0.18500E+02 0.41553E+00 0.40486E+03
   0.18600E+02 0.40285E+00 0.40805E+03
   0.18700E+02 0.39013E+00 0.41117E+03
   0.18800E+02 0.37704E+00 0.41422E+03
   0.18900E+02 0.36429E+00 0.41719E+03
   0.19000E+02 0.35163E+00 0.42010E+03
   0.19100E+02 0.33867E+00 0.42292E+03
   0.19200E+02 0.32666E+00 0.42568E+03
   0.19300E+02 0.31458E+00 0.42836E+03
   0.19400E+02 0.30226E+00 0.43096E+03
   0.19500E+02 0.29078E+00 0.43349E+03
   0.19600E+02 0.27834E+00 0.43593E+03
   0.19700E+02 0.26689E+00 0.43830E+03
   0.19800E+02 0.25533E+00 0.44059E+03
   0.19900E+02 0.24417E+00 0.44280E+03
   0.20000E+02 0.23223E+00 0.44493E+03
   0.20100E+02 0.22101E+00 0.44697E+03
   0.20200E+02 0.20993E+00 0.44893E+03
   0.20300E+02 0.19883E+00 0.45080E+03
   0.20400E+02 0.18787E+00 0.45259E+03
   0.20500E+02 0.17715E+00 0.45429E+03
   0.20600E+02 0.16644E+00 0.45591E+03
   0.20700E+02 0.15561E+00 0.45743E+03
   0.20800E+02 0.14510E+00 0.45887E+03
   0.20900E+02 0.13495E+00 0.46021E+03
   0.21000E+02 0.12465E+00 0.46147E+03
   0.21100E+02 0.11567E+00 0.46265E+03
   0.21200E+02 0.10764E+00 0.46375E+03
   0.21300E+02 0.10015E+00 0.46479E+03
   0.21400E+02 0.93211E-01 0.46577E+03
   0.21500E+02 0.87110E-01 0.46669E+03
   0.21600E+02 0.81053E-01 0.46755E+03
   0.21700E+02 0.75346E-01 0.46836E+03
   0.21800E+02 0.70522E-01 0.46913E+03
   0.21900E+02 0.65587E-01 0.46985E+03
   0.22000E+02 0.60927E-01 0.47052E+03
   0.22100E+02 0.56675E-01 0.47116E+03
   0.22200E+02 0.52682E-01 0.47175E+03
   0.22300E+02 0.49065E-01 0.47231E+03
   0.22400E+02 0.45220E-01 0.47283E+03
   0.22500E+02 0.41899E-01 0.47331E+03
   0.22600E+02 0.38673E-01 0.47376E+03
   0.22700E+02 0.35589E-01 0.47418E+03
   0.22800E+02 0.32858E-01 0.47457E+03
   0.22900E+02 0.30029E-01 0.47493E+03
   0.23000E+02 0.27535E-01 0.47526E+03
   0.23100E+02 0.25105E-01 0.47557E+03
   0.23200E+02 0.22968E-01 0.47585E+03
   0.23300E+02 0.20815E-01 0.47611E+03
   0.23400E+02 0.18819E-01 0.47635E+03
   0.23500E+02 0.17023E-01 0.47656E+03
   0.23600E+02 0.15237E-01 0.47676E+03
   0.23700E+02 0.13624E-01 0.47693E+03
   0.23800E+02 0.12236E-01 0.47709E+03
   0.23900E+02 0.10794E-01 0.47723E+03
   0.24000E+02 0.95215E-02 0.47735E+03
   0.24100E+02 0.82791E-02 0.47746E+03
   0.24200E+02 0.72303E-02 0.47756E+03
   0.24300E+02 0.62527E-02 0.47765E+03
   0.24400E+02 0.52822E-02 0.47772E+03
   0.24500E+02 0.44960E-02 0.47778E+03
   0.24600E+02 0.37850E-02 0.47783E+03
   0.24700E+02 0.30735E-02 0.47787E+03
   0.24800E+02 0.24882E-02 0.47791E+03
   0.24900E+02 0.19769E-02 0.47794E+03
   0.25000E+02 0.14897E-02 0.47796E+03
   0.25100E+02 0.10733E-02 0.47797E+03
   0.25200E+02 0.77942E-03 0.47799E+03
   0.25300E+02 0.50477E-03 0.47799E+03
   0.25400E+02 0.28904E-03 0.47800E+03
   0.25500E+02 0.15380E-03 0.47800E+03
   0.25600E+02 0.56019E-04 0.47800E+03
   0.25700E+02 0.10763E-04 0.47800E+03
   0.25800E+02 0.43891E-06 0.47800E+03
   0.25900E+02 0.00000E+00 0.47800E+03
   0.26000E+02 0.00000E+00 0.47800E+03
   0.26100E+02 0.00000E+00 0.47800E+03
   0.26200E+02 0.00000E+00 0.47800E+03
   0.26300E+02 0.00000E+00 0.47800E+03
   0.26400E+02 0.00000E+00 0.47800E+03
   0.26500E+02 0.00000E+00 0.47800E+03
   0.26600E+02 0.00000E+00 0.47800E+03
   0.26700E+02 0.00000E+00 0.47800E+03
   0.26800E+02 0.00000E+00 0.47800E+03
   0.26900E+02 0.00000E+00 0.47800E+03
   0.27000E+02 0.00000E+00 0.47800E+03
   0.27100E+02 0.00000E+00 0.47800E+03
   0.27200E+02 0.00000E+00 0.47800E+03
   0.27300E+02 0.00000E+00 0.47800E+03
   0.27400E+02 0.00000E+00 0.47800E+03
   0.27500E+02 0.00000E+00 0.47800E+03
   0.27600E+02 0.00000E+00 0.47800E+03
   0.27700E+02 0.00000E+00 0.47800E+03
   0.27800E+02 0.00000E+00 0.47800E+03
   0.27900E+02 0.00000E+00 0.47800E+03
   0.28000E+02 0.00000E+00 0.47800E+03
   0.28100E+02 0.00000E+00 0.47800E+03
   0.28200E+02 0.00000E+00 0.47800E+03
   0.28300E+02 0.00000E+00 0.47800E+03
   0.28400E+02 0.00000E+00 0.47800E+03
   0.28500E+02 0.00000E+00 0.47800E+03
   0.28600E+02 0.00000E+00 0.47800E+03
   0.28700E+02 0.00000E+00 0.47800E+03
   0.28800E+02 0.00000E+00 0.47800E+03
   0.28900E+02 0.00000E+00 0.47800E+03
   0.29000E+02 0.00000E+00 0.47800E+03
   0.29100E+02 0.00000E+00 0.47800E+03
   0.29200E+02 0.00000E+00 0.47800E+03
   0.29300E+02 0.00000E+00 0.47800E+03
   0.29400E+02 0.00000E+00 0.47800E+03
   0.29500E+02 0.00000E+00 0.47800E+03
   0.29600E+02 0.00000E+00 0.47800E+03
   0.29700E+02 0.00000E+00 0.47800E+03
   0.29800E+02 0.00000E+00 0.47800E+03
   0.29900E+02 0.00000E+00 0.47800E+03
   0.30000E+02 0.00000E+00 0.47800E+03
   0.30100E+02 0.00000E+00 0.47800E+03
   0.30200E+02 0.00000E+00 0.47800E+03
   0.30300E+02 0.00000E+00 0.47800E+03
   0.30400E+02 0.00000E+00 0.47800E+03
   0.30500E+02 0.00000E+00 0.47800E+03
   0.30600E+02 0.00000E+00 0.47800E+03
   0.30700E+02 0.00000E+00 0.47800E+03
   0.30800E+02 0.00000E+00 0.47800E+03
   0.30900E+02 0.00000E+00 0.47800E+03
   0.31000E+02 0.00000E+00 0.47800E+03
   0.31100E+02 0.00000E+00 0.47800E+03
   0.31200E+02 0.00000E+00 0.47800E+03
   0.31300E+02 0.00000E+00 0.47800E+03
   0.31400E+02 0.00000E+00 0.47800E+03
   0.31500E+02 0.00000E+00 0.47800E+03
   0.31600E+02 0.00000E+00 0.47800E+03
   0.31700E+02 0.00000E+00 0.47800E+03
   0.31800E+02 0.00000E+00 0.47800E+03
   0.31900E+02 0.00000E+00 0.47800E+03
   0.32000E+02 0.00000E+00 0.47800E+03
   0.32100E+02 0.00000E+00 0.47800E+03
   0.32200E+02 0.00000E+00 0.47800E+03
   0.32300E+02 0.00000E+00 0.47800E+03
   0.32400E+02 0.00000E+00 0.47800E+03
   0.32500E+02 0.00000E+00 0.47800E+03
   0.32600E+02 0.00000E+00 0.47800E+03
   0.32700E+02 0.00000E+00 0.47800E+03
   0.32800E+02 0.00000E+00 0.47800E+03
   0.32900E+02 0.00000E+00 0.47800E+03
   0.33000E+02 0.00000E+00 0.47800E+03
   0.33100E+02 0.00000E+00 0.47800E+03
   0.33200E+02 0.00000E+00 0.47800E+03
   0.33300E+02 0.00000E+00 0.47800E+03
   0.33400E+02 0.00000E+00 0.47800E+03
   0.33500E+02 0.00000E+00 0.47800E+03
   0.33600E+02 0.00000E+00 0.47800E+03
   0.33700E+02 0.00000E+00 0.47800E+03
   0.33800E+02 0.00000E+00 0.47800E+03
   0.33900E+02 0.00000E+00 0.47800E+03
   0.34000E+02 0.00000E+00 0.47800E+03
   0.34100E+02 0.00000E+00 0.47800E+03
   0.34200E+02 0.00000E+00 0.47800E+03
   0.34300E+02 0.00000E+00 0.47800E+03
   0.34400E+02 0.00000E+00 0.47800E+03
   0.34500E+02 0.00000E+00 0.47800E+03
   0.34600E+02 0.00000E+00 0.47800E+03
   0.34700E+02 0.00000E+00 0.47800E+03
   0.34800E+02 0.00000E+00 0.47800E+03
   0.34900E+02 0.00000E+00 0.47800E+03
   0.35000E+02 0.00000E+00 0.47800E+03
   0.35100E+02 0.00000E+00 0.47800E+03
   0.35200E+02 0.00000E+00 0.47800E+03
   0.35300E+02 0.00000E+00 0.47800E+03
   0.35400E+02 0.00000E+00 0.47800E+03
   0.35500E+02 0.00000E+00 0.47800E+03
   0.35600E+02 0.00000E+00 0.47800E+03
   0.35700E+02 0.00000E+00 0.47800E+03
   0.35800E+02 0.00000E+00 0.47800E+03
   0.35900E+02 0.00000E+00 0.47800E+03
   0.36000E+02 0.00000E+00 0.47800E+03
   0.36100E+02 0.00000E+00 0.47800E+03
   0.36200E+02 0.00000E+00 0.47800E+03
   0.36300E+02 0.00000E+00 0.47800E+03
   0.36400E+02 0.00000E+00 0.47800E+03
   0.36500E+02 0.00000E+00 0.47800E+03
   0.36600E+02 0.00000E+00 0.47800E+03
   0.36700E+02 0.00000E+00 0.47800E+03
   0.36800E+02 0.00000E+00 0.47800E+03
   0.36900E+02 0.00000E+00 0.47800E+03
   0.37000E+02 0.00000E+00 0.47800E+03
   0.37100E+02 0.00000E+00 0.47800E+03
   0.37200E+02 0.00000E+00 0.47800E+03
   0.37300E+02 0.00000E+00 0.47800E+03
   0.37400E+02 0.00000E+00 0.47800E+03
   0.37500E+02 0.00000E+00 0.47800E+03
   0.37600E+02 0.00000E+00 0.47800E+03
   0.37700E+02 0.00000E+00 0.47800E+03
   0.37800E+02 0.00000E+00 0.47800E+03
   0.37900E+02 0.00000E+00 0.47800E+03
   0.38000E+02 0.00000E+00 0.47800E+03
   0.38100E+02 0.00000E+00 0.47800E+03
   0.38200E+02 0.00000E+00 0.47800E+03
   0.38300E+02 0.00000E+00 0.47800E+03
   0.38400E+02 0.00000E+00 0.47800E+03
   0.38500E+02 0.00000E+00 0.47800E+03
   0.38600E+02 0.00000E+00 0.47800E+03
   0.38700E+02 0.00000E+00 0.47800E+03
   0.38800E+02 0.00000E+00 0.47800E+03
   0.38900E+02 0.00000E+00 0.47800E+03
   0.39000E+02 0.00000E+00 0.47800E+03
   0.39100E+02 0.00000E+00 0.47800E+03
   0.39200E+02 0.00000E+00 0.47800E+03
   0.39300E+02 0.00000E+00 0.47800E+03
   0.39400E+02 0.00000E+00 0.47800E+03
   0.39500E+02 0.00000E+00 0.47800E+03
   0.39600E+02 0.00000E+00 0.47800E+03
   0.39700E+02 0.00000E+00 0.47800E+03
   0.39800E+02 0.00000E+00 0.47800E+03
   0.39900E+02 0.00000E+00 0.47800E+03
   0.40000E+02 0.00000E+00 0.47800E+03
